probability1: [0.4014643821787077, 0.3414627294868756, 0.14185106490048785, 1.0, 0.36123682485115804, 0.0, 0.0, 0.0028590082538180917, 0.323004143761477, 0.0]
probability2: [0.23162479917252457, 0.6221856590306942, 0.8581489350995122, 0.0, 0.0, 0.8429045311145472, 0.9568927450589139, 0.9927459597981134, 0.0, 0.9121360851706988]
probability3: [0.3669108186487677, 0.036351611482430164, 0.0, 0.0, 0.6387631751488418, 0.1570954688854528, 0.04310725494108614, 0.004395031948068495, 0.676995856238523, 0.08786391482930125]
